image: scan-based_rmax-25.0m_res-0.03m/cappero_ricoslam_slam.pgm
resolution: 0.030000
origin: [-4.120058, -21.818069, 0.000000]
negate: 0
occupied_thresh: 0.65
free_thresh: 0.192
orig_occupied_thresh: 0.300000
orig_free_thresh: -1.000000
usable_range_min: 0.100000
usable_range_max: 25.000000
maximum_range: 25.000000
ray_min_dist_through: 0.100000
ray_min_dist_add_new: 0.100000

