image: iilabs3d_nav_a_omni_slam_toolbox.pgm
resolution: 0.030000
origin: [-1.227577, -3.154424, 0.000000]
negate: 0
occupied_thresh: 0.65
free_thresh: 0.196

