image: scan-based/cappero_ricoslam_slam.pgm
resolution: 0.030000
origin: [-4.134010, -21.805780, 0.000000]
negate: 0
occupied_thresh: 0.65
free_thresh: 0.192
orig_occupied_thresh: 0.300000
orig_free_thresh: -1.000000
usable_range_min: 0.100000
usable_range_max: 8.000000
maximum_range: 12.000000

