image: iilabs3d_nav_a_omni_slam_toolbox.pgm
resolution: 0.030000
origin: [-4.864041, -3.174379, 0.000000]
negate: 0
occupied_thresh: 0.65
free_thresh: 0.196

