image: iilabs3d_slippage_slam_toolbox.pgm
resolution: 0.030000
origin: [-4.964912, -23.745859, 0.000000]
negate: 0
occupied_thresh: 0.65
free_thresh: 0.196

