image: iilabs3d_nav_a_diff_slam_toolbox.pgm
resolution: 0.030000
origin: [-3.864336, -3.502590, 0.000000]
negate: 0
occupied_thresh: 0.65
free_thresh: 0.196

