image: iilabs3d_loop_slam_toolbox.pgm
resolution: 0.030000
origin: [-11.069570, -7.959860, 0.000000]
negate: 0
occupied_thresh: 0.65
free_thresh: 0.196

