image: kuka_ricoslam_slam.pgm
resolution: 0.030000
origin: [-90.260727, -73.646576, 0.000000]
negate: 0
occupied_thresh: 0.65
free_thresh: 0.192
orig_occupied_thresh: 0.300000
orig_free_thresh: -1.000000
usable_range_min: 0.300000
usable_range_max: 25.000000
maximum_range: 25.000000

